LoadTimes_502K = [ 99 101 99 100 101 99 100 100 101 100 99 101 99 100 100 100 100 100 100 100 100 100 100 99 101 100 99 103 100 99 99 100 101 101 98 100 101 100 99 101 100 99 100 101 100 100 100 99 99 102 99 101 100 100 99 100 100 100 100 101 99 100 99 101 100 101 99 101 99 100 100 101 99 101 99 100 100 100 100 100 99 102 99 100 100 102 98 101 99 100 99 101 100 101 99 100 101 99 99 102 99 101 99 101 100 100 99 100 100 101 99 100 101 99 101 100 100 98 101 100 100 101 99 100 100 101 99 103 98 100 98 101 101 99 99 101 100 100 99 101 100 100 100 100 100 99 100 101 101 99 100 100 100 101 98 101 100 100 100 100 100 100 100 101 100 99 101 100 99 99 101 101 100 99 100 100 100 100 99 101 99 102 99 100 100 100 100 99 101 100 99 100 100 101 99 100 100 100 100 101 101 100 99 100 101 99 100 100 100 99 102 99 100 100 100 100 101 100 99 100 100 101 99 101 99 101 98 103 98 99 101 101 99 100 100 100 100 100 100 100 100 101 99 99 100 101 100 100 99 101 99 101 99 100 100 100 102 100 99 100 100 101 98 101 100 100 100 100 100 100 99 101 100 100 99 101 101 99 100 100 100 100 99 101 99 101 100 100 100 100 100 100 100 100 99 101 99 101 99 101 100 100 99 100 100 100 101 100 100 100 99 101 99 101 99 101 99 101 99 100 100 101 99 101 100 100 99 103 98 100 100 99 101 100 100 100 100 100 100 100 100 100 99 100 101 100 99 100 101 100 99 101 100 99 100 100 100 101 99 100 101 100 101 99 100 100 100 98 102 100 100 100 101 99 99 100 101 99 101 100 100 101 99 100 100 99 101 100 99 100 100 100 101 100 99 101 100 99 100 101 100 100 99 101 100 100 99 101 100 100 99 101 99 101 99 100 100 100 100 101 100 99 100 100 100 100 101 101 99 101 98 102 99 100 100 100 100 100 99 101 100 101 97 102 99 101 100 99 101 99 100 100 101 99 100 101 100 100 99 100 100 101 100 100 99 100 100 100 100 100 100 100 100 100 100 100 100 101 98 101 100 101 99 100 101 100 99 100 100 101 99 100 101 100 99 100 100 101 98 101 100 100 100 101 99 101 100 99 100 100 99 101 100 100 100 101 100 99 100 101 99 100 100 100 100 100 99 103 98 100 100 100 99 101 100 100 100 101 99 100 100 101 99 100 100 100 100 100 100 101 99 100 101 100 99 100 100 100 100 100 100 100 100 100 100 100 100 100 99 101 100 101 99 101 99 100 100 100 99 102 98 101 100 100 100 100 99 101 100 100 99 101 100 100 99 101 101 99 100 99 101 101 99 100 100 101 98 101 101 100 99 100 100 100 100 100 101 99 101 100 98 101 99 102 99 100 100 102 99 99 100 100 99 101 100 100 100 100 100 100 100 100 99 101 100 100 100 100 100 101 98 100 101 99 100 101 100 99 101 100 100 101 98 101 100 100 100 100 99 102 99 100 100 101 98 101 100 100 99 101 100 100 100 99 101 100 99 100 101 100 99 100 101 99 101 100 100 99 100 101 99 101 99 101 101 98 100 100 101 100 100 100 100 99 100 101 100 101 99 100 100 100 99 101 101 99 100 102 99 99 100 101 99 100 99 101 100 99 101 100 99 101 100 100 101 99 99 100 100 101 99 100 101 100 99 101 100 100 99 100 101 101 98 100 101 99 101 100 99 102 99 100 99 101 99 101 100 100 99 100 101 101 98 101 100 100 100 100 100 100 99 100 100 101 100 100 99 101 99 101 99 101 99 101 99 100 101 99 101 100 99 101 100 99 100 101 99 100 100 100 101 99 100 100 100 102 98 102 99 100 99 101 100 100 99 101 100 99 101 100 100 99 100 100 101 99 100 101 100 101 99 99 100 100 100 100 101 100 100 99 101 99 100 100 99 101 99 101 100 101 100 100 99 101 99 100 101 99 100 101 99 100 100 100 100 102 98 100 100 101 99 101 100 99 101 100 100 99 100 101 99 102 99 100 100 99 100 100 100 101 99 100 101 99 100 101 99 100 100 100 100 102 98 100 101 99 99 103 99 99 100 100 101 100 100 98 102 101 99 99 101 100 99 101 99 101 99 101 100 100 99 100 101 100 99 100 100 101 99 100 100 101 98 100 101 100 99 101 100 101 99 100 101 99 99 102 99 100 99 101 100 100 99 101 100 101 98 102 100 100 98 101 101 99 100 100 100 100 99 101 100 100 99 102 99 100 101 101 99 100 99 100 100 100 99 102 99 100 100 99 101 101 98 100 13 100 100 101 98 101 100 101 98 100 101 101 99 100 100 101 99 101 100 100 99 100 100 100 100 100 100 100 99 101 100 100 100 100 100 101 99 100 100 101 99 99 102 99 100 100 100 100 100 100 100 100 100 100 100 100 100 100 100 101 98 101 99 102 99 99 102 100 99 101 99 100 100 100 99 101 100 99 101 100 100 99 100 100 100 101 100 100 100 100 99 100 100 101 99 100 99 104 99 100 99 100 101 100 98 101 100 100 99 100 100 101 99 101 100 100 100 99 101 100 100 99 100 101 99 100 101 100 99 101 100 99 100 101 100 100 99 100 101 99 101 99 100 100 100 101 100 100 99 100 100 101 99 101 100 100 100 99 101 100 99 100 101 100 99 101 100 99 100 101 100 101 99 100 99 101 100 100 100 99 100 101 100 99 100 101 100 100 99 101 100 100 99 100 100 100 99 103 99 100 99 100 100 100 99 102 100 100 99 101 99 100 100 102 100 99 100 100 99 101 99 100 101 100 98 101 101 100 99 100 101 100 98 102 99 101 99 100 100 101 99 101 100 100 99 101 99 100 100 100 100 101 98 101 100 100 99 101 100 100 100 101 100 98 101 101 99 100 100 99 102 100 99 100 100 101 99 100 101 100 99 100 101 100 99 101 100 99 100 101 99 100 100 100 100 100 100 102 99 101 97 102 99 100 100 100 101 99 99 101 100 100 100 100 100 100 99 101 100 101 99 101 100 100 99 100 101 100 99 100 100 101 99 100 100 100 100 100 101 100 100 100 100 99 100 100 100 101 98 102 99 101 99 101 99 100 100 100 101 100 99 100 100 100 100 100 100 99 101 100 100 100 99 101 100 101 98 102 99 100 100 101 98 101 100 100 100 101 99 100 100 100 99 102 99 100 99 103 99 100 99 100 100 100 100 100 101 99 100 100 100 100 99 101 100 101 98 101 99 101 99 101 99 101 99 101 99 101 100 100 100 101 98 101 101 99 100 100 101 100 99 100 100 101 98 101 100 100 100 100 100 101 99 101 99 100 100 100 100 100 100 100 100 101 98 100 101 100 100 101 100 99 99 100 100 102 99 100 99 101 99 101 99 101 99 101 100 100 99 102 98 101 100 100 100 100 99 103 98 100 99 101 100 100 99 101 100 100 99 101 101 99 100 100 100 100 99 101 100 100 100 100 99 101 99 101 100 100 99 100 101 100 100 99 101 100 99 101 99 101 99 101 100 99 100 100 102 98 101 100 100 100 99 101 100 101 99 100 100 100 99 101 100 100 100 100 100 100 99 101 99 100 100 100 100 101 98 102 99 100 101 100 100 100 99 100 101 99 99 101 100 100 100 100 100 101 100 100 101 99 99 100 102 99 100 99 101 100 99 101 100 100 100 100 100 100 99 100 101 99 101 100 100 99 101 100 99 101 99 101 100 100 99 101 100 99 101 100 99 100 100 101 99 101 99 101 99 101 100 99 101 99 100 100 100 101 99 100 102 99 99 101 100 100 99 100 101 100 99 101 99 101 100 100 99 100 100 100 101 100 99 100 100 101 99 100 100 101 100 99 100 100 100 101 99 100 99 102 100 99 100 100 100 102 98 100 100 101 98 101 100 100 99 102 100 99 100 100 100 101 99 101 99 101 99 101 100 99 99 101 101 100 99 100 100 99 102 99 101 100 99 100 100 101 99 101 99 101 99 100 101 100 99 101 99 100 100 100 100 100 99 101 100 100 99 101 101 99 100 99 101 100 99 101 100 99 101 100 100 101 99 100 100 100 100 100 101 100 99 100 100 100 100 100 101 99 99 105 98 99 98 101 101 100 98 102 99 100 100 100 100 100 100 100 100 100 99 101 100 100 99 101 100 99 100 101 101 101 98 100 100 99 102 99 100 100 100 100 100 100 100 101 99 101 99 100 101 101 99 99 100 101 98 102 99 99 101 101 100 99 100 100 100 100 100 101 99 100 99 101 100 100 99 101 100 100 99 101 100 99 100 102 99 100 99 101 101 100 99 100 100 101 99 100 100 100 100 101 100 99 100 100 99 102 98 101 100 101 99 100 100 100 100 99 100 101 99 101 100 99 101 100 100 100 99 101 99 100 100 100 100 101 99 100 101 99 100 100 101 99 100 101 100 100 100 100 100 100 99 101 100 101 99 100 100 100 100 100 100 100 99 101 100 100 99 100 101 99 100 101 100 100 99 101 100 100 99 102 98 101 99 100 101 99 100 101 99 101 99 101 100 100 98 102 99 100 100 102 100 100 99 101 98 101 100 100 100 100 99 101 100 100 100 100 100 100 100 100 100 101 99 101 98 99
];
