LoadTimes_32K = [ 99 101 99 101 99 100 100 101 99 100 100 100 100 100 100 100 100 101 99 100 100 100 100 100 100 100 100 101 99 100 100 100 30080 22 98 100 99 101 99 101 99 101 99 101 99 101 99 101 99 101 99 101 99 100 100 101 99 101 99 100 100 100 100 101 99 101 99 100 100 101 99 100 100 100 100 101 99 101 99 100 100 100 100 101 99 100 100 100 100 100 100 100 100 100 100 100 100 101 99 100 100 100 100 101 99 101 99 100 100 100 100 100 100 100 100 100 100 100 100 100 100 101 99 100 100 100 100 101 99 100 100 100 99 30083 20 99 99 100 99 101 99 100 100 101 99 101 99 100 100 101 99 100 100 101 99 101 99 100 100 100 100 101 99 100 100 101 99 101 99 101 99 101 99 101 100 99 100 101 99 100 100 101 99 100 100 100 100 102 98 101 99 100 100 100 100 101 99 100 100 101 99 101 99 100 100 100 100 101 99 100 100 101 99 100 100 100 100 100 100 101 99 100 100 101 99 100 100 100 100 100 100 100 100 100 30113 188 99 100 99 100 100 101 99 100 102 99 99 101 99 101 99 101 100 100 99 101 100 100 99 101 99 101 100 100 99 101 99 101 99 101 99 101 100 100 99 101 99 101 99 101 99 100 101 100 99 101 99 101 99 100 100 101 99 101 99 101 99 101 99 101 99 100 101 100 99 101 99 101 100 100 100 100 99 100 101 99 100 100 100 100 100 101 99 101 99 101 99 100 100 100 100 101 98 30085 19 98 99 100 100 100 99 101 99 101 100 100 99 101 99 101 99 101 100 100 100 100 99 101 99 100 101 100 99 100 100 101 99 101 100 100 99 101 99 101 99 101 100 100 99 101 99 101 100 100 99 101 99 101 99 101 99 101 100 99 100 101 99 101 99 101 99 100 100 101 99 101 99 101 99 100 101 99 100 101 99 101 99 100 100 100 100 101 99 101 99 101 99 100 100 101 99 100 101 99 30086 215 99 100 100 100 99 101 99 101 100 100 99 101 99 101 99 101 99 101 99 101 99 101 99 101 99 101 100 100 100 100 100 100 100 100 99 101 99 101 99 101 99 101 99 101 99 101 99 101 99 101 99 101 100 100 101 99 99 101 100 100 99 101 99 101 99 101 99 100 100 101 100 100 99 101 99 101 99 101 99 101 99 101 99 101 99 100 100 101 99 101 99 101 99 101 99 101 99 30101 101 99 99 100 100 100 100 100 100 100 100 100 99 101 100 100 101 99 100 100 99 101 100 100 99 101 100 100 99 101 100 100 100 100 99 101 100 100 99 101 99 101 100 100 99 101 99 101 99 101 99 101 99 101 99 101 99 101 100 100 99 101 100 100 99 101 100 100 99 101 99 100 100 101 99 101 99 101 99 101 100 100 99 101 99 101 99 100 100 101 99 101 99 101 100 99 100 100 100 30084 19 98 99 100 100 100 100 100 99 101 100 100 100 100 100 100 100 100 100 100 100 100 99 101 100 100 100 100 100 100 100 100 100 100 100 100 99 101 99 101 101 99 99 101 100 100 100 100 100 100 100 100 99 101 99 101 100 100 100 100 99 101 99 101 99 101 99 101 100 100 99 101 100 100 99 101 99 101 100 100 99 101 99 101 99 100 101 99 100 101 99 101 99 101 99 101 99 101 99 100 30082 21 98 99 100 100 100 100 100 100 100 101 99 100 100 100 99 101 100 100 100 100 99 101 100 100 100 100 100 100 99 101 100 100 100 100 100 100 99 101 100 100 100 100 100 100 100 100 100 100 100 99 100 101 99 101 99 101 100 100 100 100 100 100 100 100 100 100 99 101 99 101 99 101 100 100 99 101 99 101 100 100 100 100 99 101 100 100 99 101 99 100 101 100 99 101 99 100 101 100 99 30085 17 99 99 100 100 100 100 100 100 100 100 100 100 100 100 100 100 100 100 100 100 100 101 99 100 100 100 100 99 101 100 100 100 100 100 100 100 100 99 101 99 101 100 100 100 100 100 100 99 101 100 100 100 100 100 100 100 100 100 100 100 100 100 100 99 101 100 100 99 101 100 100 100 100 100 100 99 101 100 100 100 100 100 100 99 101 101 99 100 100 99 101 100 100 100 100 99 101 99 100 30082 21 98 99 101 99 100 100 100 100 100 100 99 101 100 100 100 100 100 100 100 100 100 100 100 100 100 100 100 100 100 100 100 100 100 100 100 100 100 100 100 100 100 100 100 100 101 99 100 100 100 100 100 100 100 100 100 100 100 100 100 100 100 100 100 100 100 100 100 100 100 100 100 100 100 100 100 100 100 100 100 100 100 100 99 101 100 100 22 99 99 100 99 101 99 101 99 101 99 101 99 101 99 101 99 101 99 100 100 101 99 101 99 100 100 101 99 101 99 100 100 100 100 101 99 101 99 100 100 100 100 100 100 101 99 100 100 100 100 101 99 100 100 100 100 100 100 101 100 99 100 100 100 101 99 101 99 101 99 101 99 100 100 100 100 101 99 101 99 101 99 101 99 101 99 101 99 101 99 101 99 100 100 100 100 100 100 100 30081 22 97 100 100 100 99 100 101 100 99 101 99 100 100 101 99 101 99 101 100 100 99 101 99 101 99 101 99 100 100 100 100 101 99 101 99 101 99 101 99 101 99 101 99 101 99 100 101 99 100 101 99 100 100 101 99 100 100 101 99 100 100 101 99 100 100 101 99 101 99 100 100 101 99 101 99 101 99 101 99 101 99 100 101 100 99 100 100 100 100 100 100 100 100 100 100 100 100 101 99 30082 20 98 100 100 100 100 100 100 99 101 99 101 100 100 99 101 99 100 100 101 99 101 99 101 99 101 99 101 100 100 100 100 99 101 99 101 100 100 99 101 99 100 101 100 99 101 100 100 99 100 101 100 100 100 100 100 99 101 99 101 99 100 100 101 99 100 100 101 99 101 99 101 99 100 100 101 99 101 99 100 100 101 99 100 100 101 99 100 100 101 99 101 99 101 99 101 99 101 99 100 30080 22 99 99 100 100 99 101 99 101 99 101 99 101 99 101 99 101 100 100 99 101 99 101 99 100 100 101 100 100 99 101 100 100 100 100 99 101 99 101 100 100 99 101 99 101 100 100 99 100 101 100 99 101 99 101 99 101 99 101 99 101 99 101 99 101 100 99 100 101 99 101 99 100 100 101 99 101 99 101 100 100 99 101 99 100 100 100 100 101 99 101 99 100 100 100 100 101 99 100 100 30084 20 97 99 100 100 100 99 101 100 100 99 101 99 101 100 100 100 100 99 101 99 101 99 101 101 99 100 100 100 100 99 101 100 100 100 100 99 101 99 101 100 100 99 101 99 101 99 101 99 101 100 100 100 100 99 101 99 101 99 101 99 100 100 101 99 101 99 101 99 101 99 101 100 100 100 99 100 100 100 101 99 100 100 101 99 101 99 101 100 100 99 100 100 101 99 101 99 101 99 100 30082 20 99 99 100 100 100 100 100 100 99 101 99 101 100 100 100 100 100 100 100 100 100 100 99 101 100 100 100 100 100 100 100 100 99 101 100 100 99 101 99 101 99 101 99 101 99 101 101 99 99 101 99 101 100 100 99 101 100 99 100 101 99 100 101 100 99 100 100 101 100 100 99 101 99 101 99 101 99 101 99 101 99 101 100 100 99 100 101 100 99 101 99 101 99 101 99 100 100 101 99 40084 18 98 100 100 100 101 99 100 100 100 100 100 99 101 99 101 100 100 100 100 99 101 99 101 99 101 99 101 99 101 99 101 99 100 101 100 99 100 100 101 99 101 99 101 99 101 99 100 100 101 99 101 99 101 99 101 99 101 99 101 100 100 99 101 99 101 99 100 100 101 99 101 99 101 99 101 99 100 100 101 99 101 99 101 99 100 100 100 100 100 100 101 99 100 100 100 100 100 100 100 40081 21 98 100 99 101 99 101 99 101 99 101 99 100 100 101 99 101 99 101 99 101 99 100 100 100 100 100 101 100 99 101 99 100 100 101 99 100 100 100 100 100 100 101 99 101 99 101 99 101 99 100 100 101 99 101 99 101 99 100 100 101 99 100 100 100 100 100 100 100 100 100 100 100 100 100 100 100 100 100 100 100 100 100 100 101 99 100 100 100 100 100 100 100 100 100 100 100 100 100 99 34057 52 93 99 100 99 100 100 101 99 100 100 101 99 101 99 100 100 101 99 101 99 100 100 100 100 100 100 100 100 101 99 100 100 101 99 101 99 100 100 101 99 100 100 101 99 100 100 100 102 99 99 101 99 100 100 100 100 100 100 100 30085 216 99 100 99 101 99 101 99 101 99 100 100 101 99 101 99 101 99 101 99 101 100 99 100 101 99 101 99 101 99 100 100 101 100 100 99 101 99 101 99 101 99 101 99 101 100 100 99 100 100 100 100 101 99 101 99 101 99 100 100 101 99 100 100 101 99 101 99 100 100 101 99 101 99 101 99 101 100 99 100 101 99 100 100 100 100 100 100 101 99 100 100 100 100 101 99 101 99 40085 215 100 100 101 98 101 99 101 99 100 100 100 100 100 100 100 100 101 99 101 99 100 100 100 100 101 99 100 100 100 100 101 99 100 100 101 99 101 99 100 100 100 100 100 100 100 100 100 100 100 100 100 100 100 100 100
];
