LoadTimes_32M = [ 44 100 101 99 100 102 98 101 98 100 101 101 99 101 100 99 99 102 100 100 100 100 99 101 100 98 103 98 99 101 100 101 99 101 99 100 99 101 99 102 98 103 98 100 100 100 102 98 101 98 105 99 103 95 101 98 102 99 100 101 99 100 98 100 102 99 101 99 99 103 97 100 101 101 100 98 102 98 102 99 100 100 100 100 101 100 99 100 101 99 100 100 100 100 99 101 100 100 100 100 100 99 103 99 99 99 100 104 97 100 101 100 102 97 100 100 99 101 101 99 100 99 99 100 99 102 99 101 98 101 100 100 100 100 102 98 100 99 102 100 100 99 100 100 99 101 99 101 99 100 110 95 97 99 98 100 102 100 99 101 100 99 102 99 99 100 100 100 100 101 100 99 101 101 98 100 99 100 102 100 100 99 100 103 98 99 100 99 101 101 100 100 99 106 96 98 100 99 101 101 99 101 100 99 103 97 100 99 101 101 99 100 100 100 102 99 99 100 100 106 99 97 105 97 99 100 99 101 99 100 102 99 99 100 101 100 102 97 100 100 102 98 101 100 99 100 102 100 99 99 106 96 98 100 100 101 103 97 100 100 99 102 98 101 100 100 102 97 102 98 103 97 101 100 100 101 98 101 99 101 101 100 101 98 99 100 102 99 99 101 98 101 101 99 100 100 101 100 101 99 99 101 100 100 98 101 100 100 99 101 100 100 101 99 100 100 100 102 99 98 100 102 101 99 99 100 102 98 101 99 101 100 99 101 99 100 102 98 102 99 99 102 99 101 97 101 101 99 100 99 104 100 98 99 101 99 100 101 99 101 100 99 99 101 101 99 102 99 99 100 100 99 101 103 97 99 101 100 101 100 98 103 97 102 99 111 93 97 98 104 97 101 99 100 99 101 100 100 101 100 99 100 99 101 99 101 101 99 100 101 99 100 99 102 99 100 102 98 101 98 101 101 99 99 100 103 99 98 100 102 99 99 102 101 98 99 100 102 99 101 99 102 99 99 100 99 102 99 100 99 106 97 99 100 100 99 100 100 99 101 100 100 100 99 101 100 100 100 101 99 100 101 99 101 98 101 100 101 98 101 99 100 100 102 99 102 99 98 100 101 100 100 100 103 97 99 104 96 101 99 100 102 99 100 100 101 100 98 100 101 100 99 101 100 101 99 100 100 101 100 99 101 99 99 102 99 100 99 102 99 99 101 100 99 100 101 99 101 100 100 99 103 98 100 99 100 101 99 100 100 105 98 105 96 98 100 99 102 98 99 100 100 101 100 102 100 98 99 102 101 98 100 99 101 99 101 101 98 101 99 101 102 99 100 98 103 99 98 100 101 100 100 100 101 99 104 95 100 101 100 99 100 101 99 101 99 100 102 100 98 102 99 100 100 101 99 100 101 99 99 101 102 99 99 99 100 101 99 100 100 100 101 99 100 101 99 100 100 100 101 99 104 96 100 102 99 101 100 100 98 106 96 101 99 100 98 100 100 100 100 100 102 100 98 100 102 100 98 101 100 100 101 99 100 100 100 100 99 102 98 101 100 100 98 100 100 100 100 99 101 99 101 99 101 99 100 101 100 99 101 98 102 102 99 98 100 100 101 101 98 99 101 99 104 97 100 99 100 102 99 100 100 100 100 102 99 98 100 100 102 99 100 100 100 104 98 99 98 100 102 99 100 100 100 99 102 99 100 99 100 104 98 99 100 100 106 96 98 99 100 101 99 100 101 100 100 101 99 99 100 100 103 98 100 100 100 102 98 99 100 100 106 99 101 101 97 100 100 99 100 102 100 98 103 98 100 99 100 101 101 98 99 102 99 101 98 103 100 98 99 100 101 101 101 98 100 100 100 100 100 100 102 99 101 99 100 100 100 99 100 99 101 100 101 99 101 99 101 99 99 102 99 99 101 99 101 101 100 99 101 146 56 97 102 97 102 99 100 100 100 99 102 99 101 98 101 103 98 100 99 99 100 101 101 98 100 101 99 101 101 98 100 101 100 99 102 100 99 103 99 98 100 100 100 100 99 103 99 101 98 101 99 102 97 101 101 99 100 99 102 98 100 101 99 101 100 100 103 97 100 99 101 101 99 100 102 97 100 102 100 98 103 97 102 99 100 100 99 101 101 99 101 98 101 101 99 101 99 102 97 104 97 100 100 99 102 98 102 100 99 100 102 98 100 99 101 99 100 100 101 99 101 99 101 99 101 99 103 100 98 101 100 99 101 99 101 99 104 96 101 98 101 102 99 98 101 99 102 99 103 97 100 99 101 99 101 102 97 104 97 99 100 101 102 97 101 99 102 99 101 99 99 101 100 102 98 100 102 98 100 100 101 99 101 99 102 99 100 99 100 144 62 97 98 99 101 104 96 101 98 101 99 101 99 100 104 97 100 99 100 99 102 99 101 101 99 99 100 100 101 100 99 101 100 99 100 100 102 98 102 101 98 99 101 101 100 98 101 100 100 100 100 99 101 99 103 96 102 99 102 98 101 100 99 100 100 102 100 102 109 98 95 96 100 99 100 101 99 100 100 99 102 99 101 100 100 102 98 98 100 102 100 99 99 100 101 101 100 101 96 110 92 101 98 100 100 100 101 100 100 99 101 102 97 101 98 103 98 100 102 98 101 100 102 98 100 99 102 98 100 99 102 99 102 98 104 96 100 101 99 102 98 100 101 99 100 100 102 98 101 99 99 101 100 99 101 100 102 98 103 97 100 101 101 99 101 97 102 99 100 100 100 100 101 99 100 99 105 98 98 102 99 99 100 100 100 100 100 102 99 100 100 100 100 99 101 99 106 96 98 132 75 93 101 98 103 98 100 100 102 99 100 101 99 98 101 102 98 99 101 100 100 100 102 97 101 100 100 99 102 99 100 100 100 104 96 101 98 100 100 100 101 99 102 100 99 101 99 101 98 103 98 102 98 100 101 100 99 100 100 102 98 99 104 97 100 99 100 102 99 100 99 102 99 99 102 99 100 100 100 100 100 100 99 100 101 99 101 99 101 100 102 99 99 100 101 98 100 101 100 104 99 99 98 102 97 100 103 99 99 100 100 99 101 100 101 100 99 99 100 100 101 101 99 101 100 98 100 102 99 100 99 100 101 99 102 99 100 100 99 101 101 100 101 98 100 99 101 102 99 99 101 98 101 101 98 100 103 98 102 98 100 100 100 103 97 100 98 100 100 100 100 99 101 100 100 101 98 100 99 102 100 101 99 100 100 105 97 99 98 100 101 100 101 99 100 99 105 97 98 103 98 100 99 100 101 99 101 103 98 98 99 100 101 101 100 100 100 99 103 98 99 99 101 100 100 100 100 100 106 96 99 98 100 101 101 100 99 101 99 102 99 99 99 101 100 100 100 102 98 103 98 98 101 100 100 100 100 100 100 105 97 98 99 100 106 100 99 142 67 92 99 98 100 101 99 100 101 101 99 101 98 104 98 97 102 99 100 102 98 102 98 102 99 103 96 101 99 100 101 104 99 98 98 102 100 98 100 101 99 101 101 99 102 97 101 100 100 99 100 100 100 100 101 99 101 99 101 103 96 100 102 98 101 101 99 99 102 99 99 102 98 100 103 98 99 101 100 99 101 99 100 101 98 101 100 100 101 99 101 98 101 100 100 100 101 99 102 100 98 101 100 99 100 100 102 100 99 99 100 100 100 101 102 98 99 99 103 98 100 99 101 101 98 101 102 98 100 101 99 136 69 96 101 98 101 99 100 103 97 101 99 102 98 100 100 100 100 100 101 101 99 99 101 98 102 99 100 100 101 99 102 98 100 99 102 101 98 100 99 103 99 99 100 100 101 99 100 100 100 99 102 99 101 100 99 99 101 101 100 99 102 99 102 97 100 99 104 99 98 101 99 99 101 101 102 97 101 98 102 100 99 100 100 99 102 101 97 102 100 99 100 100 101 100 100 99 100 100 100 105 97 98 102 99 101 100 99 100 99 100 101 99 101 98 101 99 101 100 99 101 101 99 102 98 100 99 100 101 99 101 100 101 99 100 102 98 100 99 100 100 101 100 102 98 101 100 99 99 100 100 101 99 101 99 102 98 100 100 102 99 100 99 101 101 100 98 103 100 97 100 102 99 99 100 102 98 104 96 103 97 102 99 100 102 97 101 100 99 101 102 99 98 102 100 99 100 100 100 102 103 97 105 95 99 98 101 99 100 100 100 101 101 100 99 99 100 101 101 101 98 100 99 100 101 100 99 101 99 101 103 97 100 100 99 103 98 100 100 102 98 99 100 102 98 102 98 103 97 100 101 99 100 100 101 99 100 100 102 100 98 100 102 98 101 99 100 102 100 99 100 100 99 100 101 101 99 100 99 103 99 101 97 101 101 99 99 100 102 99 100 99 100 100 102 101 98 100 99 100 114 88 99 100 99 102 98 102 98 102 99 101 99 99 100 103 99 99 99 102 100 98 101 102 97 100 101 102 97 102 97 99 100 101 98 101 101 100 100 99 101 100 99 100 101 99 100 100 100 102 98 101 99 100 100 100 100 102 99 105 96 99 98 100 100 101 99 101 102 99 103 98 98 99 100 101 100 101 99 100 101 101 98 100 99 101 100 101 98 101 101 105 95 99 99 100 101 100 100 100 105 97 100 98 100 99 100 101
];
