LoadTimes_32M = [ 133 104 100 96 99 100 102 99 99 105 95 100 103 100 97 103 98 104 97 102 99 100 98 104 103 94 109 91 98 102 101 100 103 97 99 100 97 103 99 101 99 101 99 101 97 102 100 99 102 99 99 104 97 101 96 103 102 98 101 107 95 97 99 100 104 99 97 102 98 103 100 95 101 103 98 99 100 106 103 92 102 98 101 102 98 99 99 104 98 102 100 101 102 96 99 100 99 30507 93 102 103 95 100 101 98 102 104 94 101 102 101 97 97 103 107 95 103 96 101 97 102 99 99 99 103 96 100 104 100 100 105 95 97 103 97 100 102 98 100 101 101 101 100 97 102 99 105 95 99 104 99 101 98 103 96 102 98 109 93 97 107 95 107 96 96 102 102 96 101 101 102 96 104 99 98 107 94 100 100 98 104 97 100 102 97 100 101 102 102 96 99 99 99 30503 103 95 101 99 99 104 103 93 103 103 94 102 101 103 102 94 98 99 103 104 95 102 101 101 98 101 100 98 100 99 102 99 101 102 102 100 98 96 100 101 102 101 97 107 94 100 99 108 91 105 95 102 101 99 99 100 102 99 101 99 101 100 99 98 102 102 95 106 96 102 102 96 103 98 100 102 97 98 102 104 93 102 100 102 98 98 102 99 100 100 102 102 101 98 97 30334 172 95 100 104 95 103 104 91 105 102 95 101 101 98 101 101 103 97 100 102 101 97 99 106 92 99 100 104 103 99 98 100 98 99 102 101 100 100 101 96 103 101 98 100 99 102 100 99 101 100 97 106 99 101 99 95 101 105 97 100 95 102 100 104 97 100 100 99 102 100 103 96 102 99 98 101 102 97 100 102 99 104 98 98 101 103 98 100 99 101 101 100 98 101 99 105 30501 96 101 101 100 96 96 103 103 94 104 100 100 102 102 97 98 99 100 101 100 100 102 98 99 101 102 101 97 101 99 108 92 99 108 96 95 101 103 100 97 102 101 96 102 101 98 102 98 101 99 102 95 101 103 101 97 99 100 102 103 98 97 105 105 98 95 104 95 103 100 98 100 98 103 100 102 100 100 96 103 100 97 103 96 102 101 99 104 98 97 103 98 99 98 103 30366 48 91 99 98 100 100 99 97 100 103 97 98 104 99 99 104 99 98 101 97 103 102 99 99 100 101 101 96 103 96 104 101 100 98 99 99 102 105 99 98 101 96 100 99 103 99 101 96 103 100 98 98 102 101 103 94 103 100 102 103 94 107 96 100 104 93 102 97 103 102 96 100 100 99 100 103 100 98 103 98 98 102 102 101 97 100 98 104 98 106 95 98 99 105 95 102 101 30499 101 100 102 99 100 98 103 97 99 107 93 108 91 101 104 96 104 98 107 90 104 100 97 100 99 104 96 99 101 106 95 101 100 101 98 100 98 102 99 101 99 101 99 104 96 98 101 105 97 100 100 101 100 98 102 100 99 102 99 98 103 100 103 91 103 100 101 100 101 102 97 100 100 97 103 101 101 100 104 97 96 101 111 90 103 97 100 103 96 101 101 97 100 102 98 30309 95 100 99 100 98 100 102 99 98 102 98 103 99 102 98 101 99 97 106 94 106 96 100 101 98 99 102 96 105 101 99 95 105 107 89 103 96 106 103 93 98 105 101 96 101 104 97 97 107 94 105 92 103 102 100 97 103 108 92 97 102 99 102 103 95 100 101 100 101 100 98 107 92 102 102 96 106 94 101 104 97 99 103 97 103 98 102 98 100 102 100 96 103 109 95 93 100 30300 205 95 102 98 102 100 104 95 102 99 99 99 102 101 99 97 102 104 99 98 102 98 101 98 102 100 97 100 100 100 102 100 97 105 97 102 99 102 100 99 101 98 101 99 102 95 102 100 102 107 93 98 101 96 103 101 99 102 96 103 99 100 100 100 100 98 105 95 102 104 101 94 108 94 105 95 97 102 98 106 95 100 100 99 101 100 102 98 102 96 104 98 102 100 97 98 30509 97 99 98 100 105 99 98 98 103 98 99 102 98 102 100 98 101 103 100 98 101 97 100 100 106 97 98 99 101 97 102 110 88 103 99 98 105 95 100 104 103 99 97 99 102 101 97 100 103 98 99 102 101 105 91 102 104 93 100 100 106 96 99 108 102 92 98 101 99 102 102 96 101 98 100 101 101 101 98 103 96 103 104 98 98 105 96 100 101 99 99 103 95 102 97 30312 191 103 100 95 101 98 103 95 104 96 101 102 102 99 101 102 96 104 98 97 100 99 103 100 98 101 99 99 103 99 103 98 100 100 99 99 105 98 97 101 99 103 96 100 104 97 103 99 97 99 102 104 97 100 101 108 130 108 94 96 102 98 102 100 98 104 97 100 102 99 97 102 104 95 98 100 102 98 101 101 104 100 99 99 98 101 104 103 92 101 102 99 96 100 103 96 102 100 100 101 100 98 104 101 96 101 99 99 103 97 104 95 101 101 100 100 99 101 98 104 98 101 101 97 104 96 102 100 98 100 104 96 104 98 100 102 100 100 100 98 100 101 102 96 101 103 99 99 100 101 97 106 95 30379 223 96 101 99 100 100 101 105 96 96 101 105 100 96 105 96 97 100 103 100 98 101 101 99 100 99 99 104 101 101 99 100 98 100 102 99 101 100 97 103 99 101 99 101 96 104 97 101 99 102 98 104 99 99 98 101 105 97 96 104 101 99 99 102 104 99 95 102 99 96 100 102 100 100 99 105 96 99 104 101 100 93 103 100 98 99 105 95 104 99 97 102 99 99 108 30246 150 97 102 99 100 103 97 97 101 102 97 100 102 101 103 97 99 104 96 109 91 100 102 102 100 101 97 101 97 102 99 103 98 104 107 96 91 100 103 97 98 103 99 107 95 102 99 99 101 101 98 105 97 98 99 99 106 96 99 100 97 103 98 100 102 98 99 104 99 101 100 98 102 98 105 96 99 105 94 103 102 97 101 107 93 99 103 100 96 100 100 104 95 106 95 102 98 30307 92 102 104 97 99 102 94 105 103 96 98 99 102 99 98 104 100 100 99 103 98 100 99 100 98 101 109 95 97 99 101 100 104 96 100 100 97 101 105 101 95 101 103 99 100 97 102 100 98 102 98 99 102 98 100 101 102 99 101 99 100 102 101 100 98 100 97 102 102 98 105 94 100 101 99 100 100 102 99 99 105 97 100 102 97 99 101 98 98 102 101 103 99 99 104 95 99 30268 139 96 105 94 104 107 93 98 100 99 97 99 101 103 104 93 101 100 99 101 101 101 99 99 102 98 99 99 101 104 98 96 104 99 99 100 99 103 99 98 106 97 101 103 92 104 102 97 100 101 98 104 98 100 99 103 98 101 104 93 100 99 105 103 94 109 92 100 99 106 95 99 99 102 99 99 108 96 106 92 100 98 103 98 98 102 100 100 99 103 96 103 98 100 102 99 99 30243 162 95 100 100 100 101 101 99 99 98 98 104 100 99 103 95 102 101 101 99 102 99 100 100 102 98 97 102 104 97 107 93 98 103 100 99 98 103 101 98 99 101 100 99 107 92 102 99 102 99 103 97 99 101 101 95 99 103 99 101 99 104 101 96 104 95 106 93 104 99 101 100 99 101 97 102 100 104 98 96 100 102 101 100 97 103 98 103 99 97 101 104 96 100 104 99 97 30307 95 102 97 101 99 106 94 99 104 98 106 91 102 101 99 101 99 100 98 102 99 100 100 102 102 98 98 99 102 97 105 96 100 100 100 98 100 103 99 100 101 101 97 99 107 96 101 97 103 98 99 105 98 98 98 110 97 99 98 98 102 102 97 100 101 102 98 99 102 98 102 101 98 102 95 106 97 100 98 101 103 98 101 97 102 102 98 97 102 99 100 102 100 100 99 97 102 30352 149 101 99 103 94 101 99 101 102 100 98 102 99 103 97 99 110 92 95 105 98 106 92 103 97 103 99 101 101 96 103 107 92 106 96 100 103 97 102 99 100 97 100 102 102 97 99 101 99 104 97 102 100 97 101 99 101 105 97 96 101 103 99 100 105 95 102 97 101 103 96 99 100 102 98 98 103 101 102 96 103 99 100 99 97 108 93 100 103 103 95 101 98 100 100 100 30317 84 99 105 98 99 100 99 100 101 98 103 100 101 98 105 94 102 98 99 101 106 94 102 96 105 103 99 94 100 100 100 98 103 101 102 96 100 103 98 101 101 96 111 89 98 112 94 97 104 96 101 102 99 98 106 98 98 100 98 101 98 101 101 100 99 99 102 97 106 96 104 95 106 97 98 103 98 100 101 101 96 107 96 99 99 102 101 100 101 97 101 100 99 103 99 94 103 30760 140 103 98 105 96 96 101 103 98 103 99 101 100 102 96 96 103 99 102 96 104 100 98 100 101 98 101 104 99 98 99 100 99 101 103 101 97 99 103 97 102 101 99 99 103 100 97 98 103 103 100 98 97 99 104 99 97 105 95 104 105 98 102 93 106 95 99 108 95 100 95 100 102 101 100 99 100 100 101 101 100 99 101 97 101 102 101 97 100 97 104 99 20312 191 100 101 95 101 99 99 104 97 107 97 99 98 100 102 99 105 93 99 103 99 105 93 101 102 99 98 99 106 99 103 98 96 99 109 95 99 97 103 102 97 98 104 99 100 99 103 97 102 95 102 104
];
