LoadTimes_32M = [ 104 100 101 98 98 100 100 99 100 105 94 105 96 99 106 95 99 101 114 93 95 105 94 97 106 93 100 101 102 98 100 100 103 99 98 102 98 100 100 102 100 100 99 109 94 96 99 101 100 101 101 98 102 97 103 101 99 99 106 94 103 99 98 109 94 102 96 101 100 102 96 104 100 99 95 103 99 101 97 103 101 98 103 98 99 99 102 100 100 98 100 98 106 95 107 95 100 101 98 99 101 98 101 102 100 100 101 99 101 97 106 96 102 97 103 98 98 101 118 91 93 98 105 96 101 101 100 98 101 99 100 100 103 97 102 99 99 104 98 97 103 104 92 100 104 97 100 99 103 99 98 99 103 97 103 102 100 99 102 98 100 100 101 99 103 98 106 94 97 103 102 96 102 101 96 102 97 103 99 100 100 100 104 94 99 105 96 101 106 96 103 96 97 103 97 102 102 99 98 101 100 102 99 100 98 101 101 100 105 92 103 99 101 99 99 104 94 102 114 95 91 108 96 101 100 105 91 104 103 94 103 94 104 95 112 90 100 107 92 105 99 102 96 102 98 99 100 100 106 101 97 98 99 107 95 99 100 100 106 99 92 102 101 106 98 98 96 102 99 104 99 98 101 98 101 99 100 107 94 101 102 99 98 99 100 100 100 102 99 102 96 103 99 100 98 100 101 99 103 99 98 103 99 102 96 103 97 100 104 97 100 102 101 97 98 103 101 107 111 91 92 95 104 100 98 100 104 96 101 103 96 102 98 102 99 105 93 108 94 101 101 103 99 94 101 100 101 103 95 100 102 101 103 101 94 101 100 100 104 96 99 99 100 104 97 102 98 100 103 95 101 100 103 102 97 104 97 102 95 104 100 98 98 104 94 103 98 101 100 105 96 104 103 100 92 107 96 100 96 101 103 99 101 99 99 101 104 100 97 98 106 94 101 99 104 105 92 100 110 96 95 101 98 101 102 96 100 99 101 99 100 102 99 104 96 101 102 99 96 102 103 97 100 105 95 101 97 105 98 98 99 102 99 104 97 100 99 102 98 102 99 102 97 100 102 101 95 106 97 103 96 102 100 99 102 100 103 100 97 99 100 99 97 102 96 99 103 104 99 102 99 101 97 101 98 102 97 101 101 100 100 103 100 98 100 97 103 102 99 100 98 100 100 103 99 100 100 100 114 94 92 102 101 100 102 97 98 102 98 97 100 101 101 101 98 102 103 95 102 100 99 97 101 101 103 99 98 99 100 105 96 101 98 103 101 104 97 97 104 97 102 102 94 108 93 101 103 97 100 99 109 91 100 101 102 99 98 102 100 103 97 96 104 102 96 99 101 100 100 104 94 102 102 101 95 100 100 103 98 99 100 104 98 100 100 99 99 99 102 100 100 102 98 99 105 96 100 105 112 92 93 100 97 104 99 99 98 99 102 100 100 101 101 108 95 101 97 100 100 98 100 100 99 106 100 96 99 101 99 104 95 98 104 98 100 101 101 101 101 97 99 104 95 101 103 99 99 98 102 101 99 100 98 104 96 104 99 100 101 99 99 101 100 99 101 97 100 107 98 96 100 100 100 102 98 100 101 109 89 104 99 101 100 97 102 100 99 101 100 102 96 102 99 105 96 98 104 99 110 95 95 102 94 103 97 104 98 103 101 98 99 102 98 99 100 101 105 95 98 99 101 102 101 105 95 98 99 100 100 104 96 99 100 101 103 100 102 96 99 100 103 94 101 101 103 96 101 105 100 95 98 102 100 100 103 99 97 102 100 103 100 101 94 101 104 97 100 100 100 102 98 98 102 103 94 104 107 94 101 100 101 95 101 101 104 97 100 101 96 102 100 100 102 100 98 98 99 101 114 88 99 105 93 108 95 103 99 100 100 97 103 99 105 95 99 101 100 103 97 97 103 99 100 100 102 97 100 102 101 103 98 96 102 96 100 104 98 99 101 99 100 101 99 100 99 103 96 103 102 100 100 98 100 100 99 103 108 88 99 101 100 102 100 105 96 99 98 105 98 99 98 110 99 96 102 93 105 99 99 100 101 101 100 100 101 98 96 103 100 102 99 102 98 100 100 100 98 99 111 95 97 101 98 101 99 100 102 96 103 101 98 98 105 95 99 103 96 104 101 98 103 98 98 101 103 99 97 103 98 100 105 96 100 100 104 97 99 99 98 109 94 101 98 98 103 99 100 98 103 99 98 104 94 107 95 101 100 101 98 102 98 102 99 103 101 96 101 100 102 99 98 102 98 103 99 100 104 99 97 101 99 100 99 101 100 99 99 102 96 103 102 98 99 105 100 97 100 101 111 92 98 99 98 99 97 103 102 100 107 94 99 98 100 103 99 101 103 93 103 101 98 103 96 100 102 99 98 102 101 101 108 97 92 99 102 104 98 98 99 101 105 99 95 102 97 102 97 102 99 102 101 99 97 102 108 90 107 99 98 100 98 100 104 97 100 101 100 98 100 101 105 95 103 100 95 99 104 98 100 101 97 105 98 100 103 99 100 98 98 102 98 103 97 103 98 98 103 98 101 100 102 96 105 98 99 100 98 101 101 98 103 98 99 104 96 104 95 104 99 99 103 105 91 103 98 99 100 101 100 99 118 89 99 98 97 104 99 102 97 101 100 100 100 97 102 102 107 91 99 102 98 100 99 98 104 100 99 99 101 104 96 101 102 98 106 99 94 101 100 97 100 102 96 106 98 99 102 100 97 103 99 100 98 105 102 94 104 100 98 102 97 102 99 101 105 93 99 99 105 97 97 102 102 103 99 104 105 87 101 100 97 102 102 102 95 100 102 100 97 105 97 103 98 99 100 104 99 98 102 104 104 91 99 105 95 101 101 98 101 97 103 99 101 99 100 99 99 110 93 102 101 97 101 99 101 100 99 101 98 104 98 97 98 104 100 101 97 98 103 100 104 94 99 105 95 106 99 97 101 100 100 99 100 101 99 101 96 105 97 102 98 101 105 97 98 105 97 101 97 110 89 105 96 102 100 97 101 100 102 96 102 108 92 104 95 102 100 101 101 98 96 102 100 102 99 103 99 101 98 104 112 92 94 101 96 102 103 96 105 93 102 102 102 98 100 96 102 98 100 101 98 103 101 96 103 101 100 100 102 98 100 97 102 101 101 99 97 101 107 96 100 103 95 108 94 101 100 98 100 98 102 100 101 99 101 95 100 104 97 104 101 101 96 98 101 104 93 100 105 97 100 105 97 101 98 104 96 99 103 98 101 101 102 99 95 102 105 98 98 101 101 96 100 104 100 100 95 102 101 100 121 83 101 99 98 103 94 105 97 99 99 99 102 99 103 94 101 103 96 101 101 100 100 100 99 100 104 97 101 102 100 96 100 103 98 100 99 103 101 100 98 99 98 102 100 101 102 97 100 101 104 97 99 99 101 100 98 103 100 100 101 99 99 98 97 104 99 98 97 109 99 107 98 95 100 103 100 96 100 100 100 99 101 98 101 99 101 101 99 101 99 102 99 105 97 98 101 97 103 100 114 92 99 97 99 102 95 98 98 106 102 97 100 103 101 97 99 100 102 102 93 106 100 97 102 96 100 106 95 99 102 104 96 101 105 97 95 103 99 101 98 102 98 104 94 102 99 105 95 100 104 101 95 102 99 102 96 104 101 99 95 103 100 103 95 101 104 101 99 98 101 102 97 103 101 97 101 97 102 98 105 100 98 102 97 98 102 99 99 101 106 98 94 101 103 100 99 99 102 100 109 92 98 97 102 98 104 99 100 98 101 102 97 102 100 101 102 97 100 99 101 102 98 102 99 101 97 100 108 93 104 94 100 104 98 99 101 99 99 100 101 100 100 102 96 101 99 108 98 93 105 96 100 104 98 101 101 97 98 106 96 103 99 101 99 96 100 104 97 99 104 102 97 100 108 100 91 104 99 99 105 95 96 100 100 105 100 101 96 101 102 99 101 98 102 100 99 99 99 102 110 95 97 99 100 102 102 91 102 108 96 97 100 98 100 102 98 99 102 98 103 98 103 100 100 98 101 102 98 101 99 100 101 109 90 102 97 103 97 104 96 102 101 95 101 100 102 99 102 99 101 97 100 101 102 99 103 95 104 100 94 102 100 103 98 99 100 101 102 99 101 100 100 101 100 98 101 106 90 105 100 101 104 96 95 101 102 107 98 93 102 96 103 98 104 99 101 98 100 100 112 88 96 101 113 95 96 100 96 102 104 98 101 97 102 97 103 100 95 102 99 106 96 101 97 100 104 97 105 96 105 96 101 101 99 99 100 101 100 100 102 103 100 97 100 99 99 98 102 99 100 105 95 99 101 100 99 99 102 104 94 102 104 93 102 101 99 102 101 102 97 99 101 98 105 95 101 101 104 91 106 100 96 106 96 102 98 100 102 99 102 101 93 103 108 90 103 96 104 97 113 95 94 100 107 95 98 102 97 102 99 99 105 96 104 103 91 105 95 99 110 91 99 103 100 99 100 106 95 98 103 100 100 100 100 98 107 93 100 103 96 105 97 104 93 105 98 98 103 99 100 100 100 99 98 100 101 100 99 104 99 100 101 99 97 102 99 101 102 99 99 100 98 103 96 101 103 101 105 95 98 102 97 101 102 99 102 100 94 104 104 94 101 100 100 101 99 100
];
