LoadTimes_1T = [ 0
];
LoadTimes_4T = [ 0
];
LoadTimes_8T = [ 74 100 100 100 100 100 100 100 100 100 101 99 99 101 100 100 100 100 100 100 100 100 99 101 100 100 100 99 9170 40 92 99 100 100 100 100 99 101 102 99 99 100 99 100 100 101 99 101 100 100 100 100 100 100 99 100 100 101 100 100 99 100 100 101 99 101 99 100 100 101 99 102 99 100 100 100 99 101 99 101 99 101 99 100 100 101 99 100 100 101 99 101 99 101 99 101 99 100 100 101 99 100 100 101 99 101 99 100 100 101 99 101 99 101 99 101 99 101 99 100 100 100 100 101 99 101 99 100 100 101 99 101 99 100 100 101 99 100 10071 31 99 100 99 100 100 100 100 100 100 100 100 100 100 100 100 100 100 100 100 100 100 100 100 100 100 100 100 100 100 100 100 100 100 100 100 100 100 100 100 100 100 100 100 100 100 100 99 101 100 100 100 100 100 100 100 100 100 101 99 100 100 100 99 101 100 100 99 101 99 101 100 100 100 100 100 100 100 100 100 100 100 100 100 100 100 100 100 100 100 100 100 100 100 100 100 100 100 100 99 10065 63 75 99 100 99 100 100 100 99 101 99 101 99 100 101 100 99 101 100 101 99 100 99 101 99 101 99 101 99 101 99 101 99 101 99 101 100 99 100 100 100 101 99 100 100 100 100 101 99 101 99 101 99 101 99 101 99 101 99 101 99 101 99 101 99 101 100 100 99 101 99 101 99 100 100 101 99 101 100 99 101 100 99 101 99 101 99 101 99 100 100 101 99 100 100 101 99 101 99 100 10067 35 99 99 100 100 100 100 100 100 100 100 100 100 100 100 100 100 100 100 100 100 100 100 100 100 100 100 100 100 100 100 100 100 100 100 100 100 100 100 100 100 100 100 100 101 99 100 100 100 100 100 100 100 100 100 100 100 100 100 100 100 100 100 100 100 100 100 100 100 100 100 100 100 100 100 100 100 100 100 100 100 99 101 100 100 100 100 100 100 100 100 100 100 99 101 100 100 100 100 99 10065 37 100 99 100 100 101 99 100 100 99 100 101 99 101 99 101 100 100 99 101 100 100 99 101 99 101 99 101 99 100 101 100 99 101 100 100 99 101 100 99 101 100 99 101 99 101 100 100 99 101 100 100 99 101 99 101 100 100 99 100 100 100 100 101 99 101 99 101 99 102 98 101 99 101 99 101 99 100 100 101 99 101 99 100 100 101 100 99 100 101 99 101 99 101 99 101 99 101 99 101 10065 37 98 100 99 101 99 100 100 100 100 101 99 100 100 101 99 100 100 100 100 100 100 100 100 100 100 100 100 100 100 101 99 100 100 100 100 100 100 100 100 100 100 100 100 100 100 100 100 100 100 100 100 100 100 100 100 100 100 100 100 100 100 100 100 101 99 100 100 100 100 100 100 100 100 100 100 100 100 100 100 100 100 100 100 100 100 100 100 100 100 100 100 100 100 101 99 100 99 101 100 10065 36 99 100 100 99 101 100 100 99 101 99 101 99 101 100 100 100 100 99 101 99 101 99 101 99 101 99 101 99 101 99 101 99 101 99 101 100 100 99 101 100 100 100 100 100 100 100 100 99 101 99 101 99 101 100 101 99 100 100 100 99 101 99 101 99 101 99 101 100 100 99 101 99 101 100 99 100 101 99 100 100 101 100 100 99 101 99 100 101 100 99 101 99 100 100 101 100 100 99 101 10063 237 100 100 99 100 100 100 100 101 99 101 99 100 100 101 99 100 100 100 100 100 100 100 100 100 100 100 100 100 100 100 100 100 100 100 100 100 100 100 100 100 100 100 100 101 99 100 100 100 100 100 100 100 100 100 100 100 100 100 100 100 100 100 100 100 100 100 100 100 100 100 100 100 100 101 99 100 100 101 99 100 100 100 100 100 100 100 100 100 100 100 100 100 100 100 100 100 99 10065 37 100 99 100 100 100 100 100 100 100 100 100 99 101 99 101 99 101 99 101 100 100 100 100 100 100 100 100 100 100 99 101 100 100 99 101 99 101 100 100 100 101 98 101 100 100 100 100 100 100 99 101 99 101 100 100 100 100 99 101 99 101 99 101 99 101 100 100 99 100 101 100 99 101 99 101 100 100 100 100 100 100 99 101 99 101 100 100 99 101 100 100 100 100 99 101 100 100 99 100 10066 35 99 102 98 101 99 100 100 100 100 100 100 101 99 100 100 100 100 101 99 100 100 100 100 100 100 101 99 100 100 100 100 100 100 101 99 100 100 100 100 100 100 100 100 100 100 101 99 100 100 100 100 100 100 100 100 101 99 100 100 100 100 100 100 100 100 101 99 100 100 100 100 100 100 100 100 100 100 100 100 100 100 100 100 100 100 100 100 100 100 100 100 100 100 100 100 100 100 100 100 100 100 100 100 100 100 100 100 100 100 100 100 100 100 100 100 100 100 100 100 100 100 100 10066 64 78 99 95 100 98 100 100 100 100 100 100 100 100 100 100 100 99 102 99 100 100 100 100 100 99 101 99 101 102 99 99 100 99 101 99 101 100 99 100 101 100 100 100 100 99 101 99 101 99 101 99 101 99 101 100 100 99 101 99 101 99 101 99 100 100 101 99 102 99 100 99 101 99 101 100 100 100 99 101 99 100 101 99 100 101 100 99 100 100 100 100 101 99 100 100 101 99 100 100 10075 27 99 99 101 99 101 99 100 100 100 100 101 99 100 100 100 100 100 100 100 100 101 99 101 99 100 100 100 100 101 99 100 100 101 99 100 100 100 100 100 100 100 100 100 101 99 100 100 100 100 100 100 100 100 100 100 100 100 100 100 100 100 100 100 100 100 100 100 100 100 100 100 100 100 100 100 100 100 100 100 100 100 100 100 100 100 100 100 100 101 99 100 100 101 99 100 100 100 100 100 10065 37 98 100 100 100 99 101 99 101 99 101 100 100 100 100 99 101 99 101 100 100 100 100 100 100 100 100 100 100 99 101 100 100 100 100 99 101 100 100 100 99 100 101 100 100 100 100 99 101 100 99 100 101 99 102 99 100 99 101 99 101 100 100 100 100 99 101 100 100 99 101 99 101 99 101 100 100 99 101 99 101 100 100 99 101 99 101 99 101 99 101 100 99 100 101 99 101 99 101 99 10069 33 99 99 101 99 101 99 100 100 100 100 100 100 100 100 101 99 100 100 100 100 100 100 100 100 100 100 100 100 101 99 100 100 100 100 101 99 100 100 100 100 101 99 101 99 100 100 100 100 100 100 100 100 100 100 100 100 100 100 100 100 100 100 100 100 100 100 100 100 100 100 100 100 100 100 100 100 100 100 101 99 100 100 100 100 100 100 100 100 100 100 100 100 100 100 100 100 100 100 100 10066 35 99 100 100 100 100 100 100 100 99 101 100 100 99 101 100 100 100 100 100 100 100 100 100 100 100 100 100 100 100 100 100 100 100 100 99 101 99 101 99 102 99 100 99 101 99 101 100 100 100 100 100 100 100 100 99 101 100 99 101 100 100 100 99 101 100 100 99 101 100 100 100 100 100 99 101 100 100 99 101 100 99 101 100 100 100 100 99 101 99 101 100 100 99 101 100 100 99 100 100 10064 57 82 98 100 99 101 99 101 100 100 99 100 100 101 99 101 99 101 99 100 100 100 100 101 99 101 99 100 100 100 100 100 100 100 100 100 100 100 100 100 100 100 100 100 100 100 100 100 100 100 100 100 100 101 99 100 100 100 100 100 100 101 99 100 100 101 99 101 99 100 100 100 100 100 100 100 100 101 99 100 100 101 99 100 100 100 100 100 100 101 99 100 100 100 100 100 100 100 100 100 10068 33 99 100 100 100 100 100 100 100 100 100 100 100 100 100 100 100 100 100 100 100 100 100 100 100 100 101 99 100 100 100 100 100 99 101 100 100 100 99 100 101 100 100 99 101 100 100 100 100 99 101 99 101 100 100 99 101 99 101 100 100 100 100 100 100 100 100 100 100 99 101 100 100 99 101 100 100 100 100 99 101 100 100 99 101 99 101 100 100 99 102 99 100 100 100 100 100 99 101 99 10078 25 98 99 101 100 99 100 101 99 100 100 100 100 101 99 101 99 101 99 101 99 101 99 100 100 101 99 101 99 101 99 101 99 101 99 100 100 100 100 100 100 101 99 101 99 100 100 100 100 100 100 102 98 101 99 100 100 100 100 100 100 100 100 101 99 100 100 101 99 100 100 100 100 100 100 101 99 100 100 101 99 100 100 100 100 101 99 100 100 100 100 100 100 101 99 100 100 100 100 100 30073 29 98 100 100 100 100 100 99 101 99 102 99 100 99 100 100 101 99 100 100 100 100 100 100 101 99 100 100 100 100 101 99 101 99 100 100 101 99 101 99 100 100 101 99 101 99 100 100 101 99 100 100 100 100 101 99 100 100 100 100 100 100 100 100 100 100 101 99 100 100 100 100 100 100 101 99 100 100 100 100 100 100 100 100 101 99 100 100 100 100 100 100 101 99 100 100 100 100 100 99 30070 33 98 99 101 99 101 99 101 99 101 99 101 100 100 99 101 100 99 100 101 99 101 99 101 99 100 100 100 100 101 99 100 101 101 98 101 99 101 99 101 99 100 100 101 99 100 100 100 100 101 99 100 100 101 99 101 99 100 100 101 99 100 100 101 99 100 100 101 99 101 
];
