LoadTimes_32M = [ 87 100 100 99 101 100 101 98 100 101 99 101 100 100 99 105 97 99 98 102 100 101 100 100 99 101 100 99 99 102 97 101 103 99 99 102 97 101 98 100 102 101 97 100 105 98 99 100 98 102 99 102 116 90 92 102 100 100 100 102 98 102 103 94 101 101 99 97 101 101 99 100 100 100 100 100 102 99 102 98 99 103 100 99 100 100 100 101 97 103 98 102 99 101 96 106 96 103 95 103 99 100 100 102 98 98 102 107 92 101 99 103 99 99 100 99 101 100 99 100 100 98 105 98 98 103 100 98 101 99 101 99 99 103 101 99 100 99 102 98 100 105 92 104 98 101 99 100 101 101 98 99 109 96 96 101 102 97 99 101 104 99 96 100 104 99 102 96 99 106 102 94 98 103 98 102 98 102 97 100 102 101 100 99 99 101 106 95 98 102 101 96 104 100 99 99 99 100 104 95 101 101 99 103 98 101 100 98 101 100 98 102 101 98 100 101 99 99 100 105 96 103 97 103 99 100 97 102 101 99 97 103 101 98 103 96 101 102 97 99 101 102 100 99 101 100 98 101 101 102 95 102 108 98 94 103 98 102 100 101 98 100 98 102 99 99 99 100 105 99 97 101 99 101 99 100 101 102 102 95 100 102 101 96 102 104 95 100 98 100 105 96 100 101 100 100 99 102 100 98 100 102 100 98 99 101 103 97 101 102 98 101 99 101 101 98 103 97 98 104 107 96 98 98 98 103 97 102 99 101 98 101 101 101 100 97 100 101 98 101 100 102 99 102 100 98 101 101 103 95 99 100 109 93 98 101 102 98 100 99 103 99 98 106 98 98 98 101 103 99 103 96 101 100 98 101 97 104 97 99 101 104 96 102 101 99 98 101 101 98 100 101 99 102 97 103 104 96 99 100 101 102 98 98 100 100 101 100 100 102 97 101 101 100 99 105 94 101 101 102 97 101 99 101 101 105 93 97 102 99 97 106 99 100 99 100 100 100 99 101 103 96 101 103 99 101 98 102 97 102 98 100 112 93 97 100 99 102 98 103 97 100 105 96 102 99 99 99 99 101 102 98 103 99 97 100 102 102 96 101 100 102 97 103 99 98 102 103 98 97 103 96 103 98 98 103 98 102 102 96 101 103 97 99 102 100 99 102 99 101 101 98 102 98 103 98 98 101 100 99 102 99 104 96 101 100 102 96 103 98 100 99 99 102 100 99 101 101 99 100 99 100 100 102 97 102 102 99 99 101 99 101 108 94 99 98 101 96 104 97 105 100 96 99 102 101 100 100 99 101 99 99 101 98 101 101 98 101 101 98 101 101 99 102 98 100 98 102 102 100 101 98 105 97 101 99 99 99 101 102 96 100 104 97 98 100 103 100 98 101 101 99 98 102 100 98 101 102 99 101 97 102 100 99 101 99 102 98 99 103 99 101 101 99 97 101 100 101 99 101 100 97 99 104 98 100 100 102 99 101 99 103 109 93 95 103 100 96 100 104 96 103 101 99 98 100 101 100 102 99 96 102 103 99 101 95 107 97 98 100 103 100 98 101 99 98 100 104 95 106 97 104 96 99 100 100 99 102 97 101 99 102 100 103 97 101 99 99 102 101 97 104 98 102 99 98 100 100 103 99 97 102 102 96 100 103 99 100 98 100 102 99 101 100 100 100 99 100 101 98 100 104 98 99 101 102 97 105 95 103 95 102 110 96 94 101 98 99 103 106 98 94 101 100 100 101 102 98 103 100 97 97 104 100 97 100 101 98 102 99 102 98 102 99 100 102 99 100 98 102 99 100 99 103 101 97 100 104 97 98 102 103 97 98 102 98 99 101 101 103 98 98 99 102 101 99 102 99 99 99 102 99 101 98 101 102 99 98 105 96 99 102 97 101 102 99 101 98 100 105 96 100 98 108 93 104 97 102 96 105 98 98 112 94 97 100 99 99 101 100 99 103 101 99 98 101 97 105 97 100 98 105 96 101 102 100 100 99 98 103 98 100 103 99 95 102 104 96 101 100 98 101 99 101 99 101 98 104 96 104 99 98 103 97 101 99 101 100 101 99 100 99 107 92 103 97 101 101 100 99 101 100 100 105 95 107 100 94 99 99 101 102 98 102 96 100 103 99 101 99 101 101 96 104 97 101 102 96 101 99 102 99 108 99 94 101 100 100 100 100 99 105 95 100 100 104 96 98 106 99 97 98 103 98 100 100 101 100 101 98 102 98 104 99 99 100 98 102 101 98 99 99 103 98 105 100 96 99 102 98 101 101 98 100 100 101 100 100 101 98 100 100 101 98 99 102 102 99 100 101 99 100 98 100 99 101 99 99 102 100 100 100 99 101 99 101 98 102 99 101 97 104 96 102 101 100 98 101 100 99 101 99 101 101 102 99 97 104 99 100 98 99 101 102 98 100 99 102 97 101 99 100 100 100 100 99 104 101 97 104 97 101 98 102 108 95 97 99 100 102 96 110 99 94 100 101 103 98 96 100 101 101 101 98 103 97 101 101 99 97 98 101 103 97 101 106 97 99 98 101 100 107 92 102 99 106 95 98 102 102 101 97 101 99 98 102 100 100 99 99 100 104 97 102 98 102 101 100 97 101 99 102 98 99 102 101 98 101 100 100 99 96 106 98 99 100 106 97 103 95 105 97 97 103 101 100 98 99 100 103 97 102 98 99 109 95 97 101 98 100 101 102 99 100 102 98 102 100 98 99 100 102 100 97 103 100 98 103 98 99 100 101 100 100 98 102 102 97 101 102 98 99 100 101 99 100 103 101 96 101 98 103 98 98 102 100 101 100 103 95 100 103 98 102 102 97 102 99 101 102 98 100 98 103 98 98 104 100 104 98 94 101 98 100 100 104 95 103 100 98 100 102 98 104 96 102 99 105 95 101 99 100 103 96 107 99 95 101 100 100 101 99 102 100 96 100 101 102 98 101 99 101 98 103 99 100 101 98 100 102 100 101 97 103 99 100 98 101 99 100 102 99 99 102 99 100 100 100 97 102 102 97 99 102 101 98 101 104 95 102 101 98 100 102 102 99 96 103 100 100 96 102 102 101 97 102 97 102 99 100 103 100 96 100 103 101 99 97 101 102 97 100 100 101 103 102 95 101 98 101 99 101 100 99 112 93 96 101 101 101 99 98 101 102 98 100 101 98 102 98 104 96 100 100 101 99 102 98 99 105 97 97 102 101 99 99 101 100 98 102 99 102 98 103 107 95 96 101 99 100 100 101 100 99 99 101 100 101 103 95 103 98 101 98 102 101 97 101 99 103 97 100 102 100 102 97 100 99 102 98 99 100 102 100 101 99 102 100 98 101 97 100 100 102 100 101 97 101 100 101 99 103 98 100 110 94 98 98 101 99 101 99 98 99 103 99 99 103 97 101 101 104 98 100 99 99 100 100 98 98 105 100 99 99 102 100 98 103 96 100 102 101 99 101 98 102 97 101 106 98 102 96 98 102 100 99 99 100 102 98 99 101 101 99 103 97 104 98 99 99 101 102 98 100 100 99 101 103 96 98 102 101 98 103 98 104 98 98 99 103 97 101 100 101 100 99 98 103 101 102 99 101 100 100 115 96 89 96 102 100 102 100 98 100 100 99 99 100 102 100 97 100 103 98 102 101 97 100 101 100 102 99 98 101 101 100 105 97 97 99 103 98 102 97 101 100 100 101 100 100 98 100 99 104 99 103 96 101 99 103 96 102 96 102 103 97 99 100 100 100 99 102 99 102 99 101 102 100 96 102 100 101 99 99 100 100 99 102 98 101 104 99 99 98 102 98 101 101 99 99 100 101 97 101 112 95 98 98 100 101 99 103 96 100 98 104 99 99 98 100 101 102 98 103 97 101 99 99 104 96 101 101 101 99 101 97 103 101 97 100 100 101 100 99 100 102 98 100 101 101 99 103 95 103 98 100 100 101 102 99 99 100 102 101 96 101 102 97 99 103 98 101 98 103 100 103 93 105 101 99 97 100 104 99 99 99 100 99 104 96 101 99 102 99 100 104 96 98 101 108 91 100 103 98 104 97 99 99 100 102 99 99 99 101 101 100 99 100 99 102 101 101 97 102 98 102 100 99 97 101 101 104 97 96 105 103 96 100 104 97 99 102 99 97 100 100 102 99 99 100 102 100 98 104 96 103 99 99 100 103 100 100 98 99 100 103 96 103 98 102 100 99 100 101 97 102 101 100 97 99 100 103 97 100 104 103 98 97 101 103 97 100 99 100 104 96 103 98 99 100 101 100 100 102 113 91 93 100 105 103 97 98 96 102 99 99 100 103 98 101 99 102 102 97 101 102 100 97 102 97 102 103 95 102 99 101 100 97 102 99 100 102 99 102 106 97 95 104 95 102 98 104 99 98 99 98 99 103 102 98 103 100 98 101 98 106 94 100 101 98 105 99 98 106 92 102 103 100 95 105 99 100 98 101 97 102 100 101 98 102 97 102 98 102 99 101 101 100 98 102 97 101 100 101 104 101 96 101 99 100 99 99 103 98 101 98 100 102 102 99 97 100 102 101 98 100 98 101 103 100 98 98 102 103 100 100 99 101 95 100 101 101 99 101 99 100 100 100 100 101 99 100 101 100 100 99 102 98 101 102 97 103 97 103 98 101 98 99
];
