LoadTimes_1T = [ 97 100 100 100 103 97 100 100 100 103 97 100 100 100 102 99 99 100 100 103 98 99 100 100 102 99 99 100 100 103 97 100 100 100 102 98 100 100 100 103 97 100 100 102 101 98 99 100 100 103 97 100 100 100 103 97 100 100 100 102 98 100 100 100 102 98 100 100 100 102 98 100 100 100 102 98 100 100 100 103 97 100 100 100 102 98 100 100 100 102 99 99 100 100 102 98 100 100 100 103 97 100 100 100 102 98 100 100 100 102 98 100 100 100 102 98 100 100 100 103 99 99 99 100 103 97 100 100 100 102 98 100 100 100 102 98 100 100 100 103 97 100 99 102 102 98 99 100 100 102 98 100 100 100 102 98 100 100 100 103 97 100 100 100 102 98 100 100 100 102 98 100 100 100 102 98 100 100 100 102 98 100 100 100 102 98 100 100 100 102 98 100 100 100 102 99 99 100 99 103 98 100 100 100 102 98 99 101 100 102 98 100 100 100 102 98 100 100 100 102 98 100 100 100 102 98 99 101 100 102 98 100 100 100 102 98 100 100 100 102 98 100 99 102 101 98 100 100 100 102 98 100 100 100 102 98 99 101 100 102 98 100 99 101 102 98 100 100 100 102 98 100 99 101 102 98 100 100 100 102 97 101 99 101 102 98 99 102 99 102 98 100 99 101 102 98 99 101 99 103 99 99 100 100 102 98 99 101 100 102 97 101 100 99 103 98 99 101 99 103 98 100 99 101 102 98 99 100 100 103 98 100 99 101 102 98 99 101 99 103 97 100 100 101 102 98 99 101 99 103 98 99 100 100 103 98 99 101 99 103 97 101 99 101 101 99 99 101 99 103 98 100 99 100 103 98 99 100 100 103 97 101 99 101 102 98 99 100 100 103 97 100 100 101 101 99 99 101 99 103 97 100 100 100 103 98 100 99 100 103 97 100 100 100 103 97 100 100 100 103 97 100 100 101 101 99 99 100 100 102 98 100 100 100 103 98 99 100 100 103 98 99 100 101 102 98 99 100 100 103 97 100 100 102 101 97 100 100 100 102 98 100 100 100 102 99 99 100 100 103 97 100 100 100 102 98 100 100 100 103 97 100 100 100 102 99 99 100 100 103 97 100 100 100 102 98 100 100 100 102 98 100 100 100 102 98 100 100 100 102 98 101 99 100 102 98 100 100 100 103 97 100 100 100 102 99 99 100 100 102 98 100 100 100 102 98 100 100 100 103 97 100 100 103 100 98 100 99 100 102 98 100 100 100 102 98 100 100 100 102 98 100 100 100 102 98 100 100 100 102 98 100 100 100 102 98 100 100 100 102 98 100 100 100 102 98 100 100 100 103 97 100 100 100 102 98 100 100 100 102 98 100 100 100 102 98 100 100 99 103 98 100 99 101 102 98 100 101 99 102 100 99 99 100 102 98 100 100 100 102 98 100 100 100 102 98 100 100 100 102 98 100 99 102 101 98 100 100 100 102 98 100 100 100 102 98 100 100 100 102 98 100 100 100 102 98 99 101 100 102 98 100 99 101 102 98 100 100 99 103 98 100 99 101 102 98 99 101 100 102 98 100 100 100 102 98 100 100 99 103 98 100 99 101 102 98 99 101 99 103 98 100 99 101 102 98 99 101 99 103 98 100 100 100 102 98 99 101 99 103 97 101 99 101 102 98 99 101 99 103 97 101 99 101 102 98 100 100 99 103 98 99 100 101 102 98 99 101 100 102 98 100 99 101 102 98 99 101 100 102 97 100 100 100 103 98 99 101 99 103 98 99 100 101 102 98 99 102 99 102 98 100 100 100 102 98 99 100 100 103 97 101 99 101 102 98 99 101 99 103 97 100 100 100 102 99 99 100 100 103 97 100 100 101 101 99 99 101 99 103 97 101 99 100 102 98 100 100 100 103 97 100 100 103 100 98 99 100 100 103 97 100 100 100 102 98 100 100 100 103 97 100 101 99 103 98 99 101 99 103 97 100 100 101 101 98 100 101 99 103 97 101 99 100 102 99 99 100 100 103 97 100 100 100 102 98 100 100 100 103 97 100 100 100 102 98 100 101 99 103 97 100 100 100 102 98 100 100 100 103 97 100 100 100 102 98 100 100 100 103 97 100 100 101 101 99 99 100 100 103 97 100 99 102 102 97 100 100 100 103 97 100 100 102 101 97 100 100 100 102 98 100 100 100 102 98 100 101 99 103 97 100 100 100 102 98 100 100 100 102 98 100 100 100 102 98 100 100 100 102 98 100 100 100 102 98 100 100 100 102 98 100 100 100 102 98 100 100 100 102 98 100 100 100 102 98 100 100 100 102 98 100 100 100 46 100 102 98 100 100 100 103 97 100 100 100 102 98 100 100 100 103 97 100 100 100 102 98 100 100 100 102 98 100 100 101 101 98 100 100 100 102 98 100 99 102 101 99 99 100 100 102 98 100 100 100 102 98 100 100 100 102 98 100 100 100 102 98 100 100 100 102 98 100 100 100 102 98 100 100 100 102 98 100 100 100 102 98 100 100 100 102 98 100 100 100 102 98 100 100 99 103 98 100 100 100 103 97 100 100 100 102 98 100 100 100 102 98 100 100 99 103 98 100 100 100 102 98 99 101 100 102 98 100 100 100 102 98 100 100 100 103 97 100 99 102 101 98 100 100 100 102 98 100 100 101 102 97 100 100 100 102 98 100 100 100 102 98 100 100 100 102 98 100 99 102 101 98 99 101 100 102 97 101 99 101 102 98 100 99 100 103 97 101 100 100 102 98 99 101 99 103 98 100 99 101 102 98 99 100 101 103 97 100 99 100 103 98 99 101 100 102 97 101 99 101 102 98 99 101 100 102 97 101 99 101 102 98 99 101 99 103 97 101 99 103 101 97 99 101 99 103 98 100 99 101 102 98 99 100 100 103 98 100 99 100 103 98 99 100 100 103 97 100 100 100 103 98 99 101 99 104 96 100 100 100 103 98 99 100 100 103 97 101 99 100 103 97 100 100 100 103 97 101 99 100 103 98 99 100 100 103 97 100 100 101 101 99 99 101 99 103 99 99 99 100 103 97 100 100 100 103 97 100 100 100 102 99 99 100 100 103 97 100 100 101 102 97 100 100 100 103 98 99 100 100 102 99 99 100 100 103 97 101 99 100 102 98 100 100 100 102 98 100 100 100 102 98 100 100 100 103 97 100 100 100 103 97 100 100 100 103 97 100 100 100 102 98 100 100 100 102 98 100 100 100 102 98 100 100 100 102 98 100 100 100 102 98 100 100 100 102 99 99 100 100 102 98 100 100 100 102 98 100 100 100 102 98 100 100 100 102 98 100 99 102 102 97 100 100 100 103 97 100 100 100 102 99 99 100 100 102 98 100 100 100 102 98 100 100 100 102 98 100 100 100 102 98 100 100 100 102 98 100 100 100 102 98 100 101 99 104 96 100 100 100 102 98 100 100 100 102 98 100 100 100 102 98 100 100 100 102 98 100 100 100 102 98 99 101 100 102 98 100 100 100 102 99 99 100 100 102 98 100 100 100 102 98 100 100 100 102 98 100 99 102 101 98 100 100 99 103 98 100 100 100 102 98 100 100 100 102 98 100 100 100 102 98 100 100 100 102 98 100 99 101 102 98 99 101 99 103 98 100 100 100 102 98 100 100 99 103 97 101 100 100 102 98 100 100 100 102 98 100 99 101 102 98 99 101 100 102 98 99 101 100 105 95 100 100 100 102 98 100 99 101 102 98 99 101 100 102 98 100 99 101 102 98 99 101 99 103 98 99 100 101 102 98 99 101 99 103 98 100 100 101 102 97 99 101 99 103 98 100 99 101 103 97 100 100 99 103 98 100 99 101 102 98 99 100 100 103 98 99 100 101 102 98 99 100 100 103 97 100 100 101 102 98 99 100 100 103 98 100 99 101 102 98 99 100 100 103 97 100 100 101 101 98 100 100 100 103 97 101 99 101 102 97 100 101 99 103 97 100 100 100 103 98 99 100 100 103 97 100 100 102 102 97 99 100 100 103 97 100 100 101 101 99 99 101 99 103 97 100 100 100 103 98 99 100 100 103 98 99 100 101 102 97 100 100 100 103 97 100 100 100 102 98 100 100 100 102 98 100 100 100 102 98 100 100 100 103 97 101 99 100 102 98 100 100 100 102 98 100 100 100 102 98 100 100 100 102 100 99 99 100 102 98 100 100 100 102 98 100 100 100 102 98 100 100 100 102 99 99 100 101 102 97 100 100 100 103 97 100 100 100 102 98 100 100 100 102 98 100 100 100 102 98 100 100 100 102 98 100 100 100 102 99 99 100 100 102 98 100 100 100 102 98 100 100 100 102 98 100 100 100 102 98 100 100 100 102 98 100 100 100 102 98 100 100 100 102 98 100 100 100 102 98 100 100 100 102 98 100 100 100 102 98 99 101 100 102 98 100 100 100 102 98 100 100 100 102 98 100 99 102 102 97 100 100 100 102 98 100 100 100 102 98 102 103 99 104 98 95 99 100 102 98 100 100 100 102 98 100 99 101 102 98 100 100 100 102 98 102 98 100 102 98 100 105 96 102 97 100 100 100 102 98 100 100 100 102 98 100 100 100 102 98 100 100 99 103 98 100 100 100 102 98 100 100 100 102 98 100 99 101 102 98 
];
